// SQUARE:
M100,100L200,100L200,200L100,200Z
// ALEX:
M 26.22,137.25
C 26.22,137.25 55.56,105.84 53.52,87.45
C 51.49,69.06 76.23,140.31 71.90,137.25
C 67.56,134.19 20.86,109.67 35.91,109.15
C 50.97,108.64 73.94,112.72 73.94,112.72
C 73.94,112.72 90.78,105.57 91.04,133.41
C 91.30,161.24 94.61,178.35 95.88,143.37
C 97.16,108.38 87.98,74.17 91.55,85.91
C 95.12,97.65 93.59,144.90 102.26,145.15
C 110.94,145.41 129.31,146.94 130.34,142.34
C 131.36,137.74 138.50,120.89 129.06,120.64
C 119.61,120.39 107.88,132.90 115.79,134.43
C 123.69,135.96 115.79,158.43 125.48,155.88
C 135.18,153.33 158.41,141.33 162.99,134.94
C 167.59,128.56 173.71,118.09 172.69,117.58
C 171.67,117.07 162.73,135.45 158.91,135.96
C 155.08,136.47 147.17,129.07 145.12,127.28
C 143.07,125.49 165.02,152.30 171.15,154.09
